001 1 2322 100000 1000 44412133111332334244 11111122113321122321 32232231424412332321 0322 222222 26435316
002 4 0000 000000 0000 14322222221321443223 11222212112211112222 23333442424525421421 0025 001122 18335323
003 1 2242 100000 0100 23221133222232223122 12222222212322223232 22233322333322333333 4127 223222 16535252
004 1 7342 111000 0101 12421222211221223224 12222222222221122222 33333222322322322221 6121 222222 16334353
005 1 2333 110000 0100 45433133222232435322 13234444443313132322 22435323334413422412 0422 221112 16534355
006 1 3234 100010 1000 32221124222222433333 11112222222222222222 33333333222211311111 6127 222222 15534315
007 2 5154 100011 0110 24121114222222333322 11221122123322223331 33333323322211111111 1221 222233 15533331
008 1 3443 110001 0101 22224123111111111333 11112222222211113333 33333333322211111111 6112 222222 23534153
009 1 5332 100000 1000 43211122111221322222 11231111113211121111 22223322345512322222 3121 221111 22432153
010 1 2333 110000 0100 11131123111132123111 11113222222211111111 11122321222211221111 1116 211111 13532153
011 1 2122 110000 0011 42222233223222222322 22222222223222222222 11112211333311113322 0334 111111 22431157
012 1 4421 110000 0101 44324233221233334222 33213233133222123133 22234421323323311312 0421 222222 15414352
013 1 5311 110010 1000 23311133111221323213 11111111111111112222 22232332233313321211 0122 232322 14313353
014 1 2332 100000 1000 44214112111111421111 11111111112211111111 21123333123311311311 0122 122222 14414353
015 1 5322 111000 1000 14213133221132223212 11111111111111111111 33333333534311511311 0211 111111 14513153
016 3 3411 100000 1000 22221121111211212111 22111111111111122222 22323322323313311321 1421 222222 17414353
017 1 4444 110011 1000 13211113111111113111 11111111112111111111 22223332223313231111 0125 222222 13413353
018 1 3322 110000 1000 32133333211131223111 22211111111111111111 33333322333332222221 1124 222222 26424315
019 1 1232 110000 0110 14441112222331433333 12223332222221111111 23333332423313211311 0421 222222 16526355
020 1 1242 100000 0100 22212224111231115222 12122222222222222222 11123322322211122322 0411 222222 23524153
021 1 2332 110010 1011 24234132111232333222 22221132213321112212 22112332323211111421 0347 222233 24424253
022 4 0000 000000 0000 34223234432424323222 11232222223322323333 33411112544313432222 0021 002233 25323398
023 1 1332 100100 1000 24235334221321412211 33312131122222222222 33432221544414511322 0216 222222 24514315
024 1 3321 110001 1000 33223113112111323122 11112222113321111111 22223333333211321221 0422 222233 15413115
025 1 3232 110000 0001 34424234222222333222 22223233222222222322 23332321433311212211 0321 333333 24412313
026 1 2332 111111 0110 33224233313232233333 23113112223311111111 32332322433323442221 0212 222222 25515315
027 3 1333 100000 1001 31111144323232322322 22223233223322222222 23233322333322322322 3132 222333 24514115
028 3 2121 100000 0001 44223233222222222222 22223333323323222222 22222222434322422222 3111 233333 23514115
029 1 3333 110000 0001 22222123222222424211 11111132113333333111 22222332323311111111 4141 233333 24513115
030 2 2211 110000 0100 32123122213221323211 31113222212233111111 33543312345523331311 0121 333333 24314253
031 3 2122 010000 1000 31111115111111511111 11111111111111111111 32232421333211511311 2117 333333 14413153
032 1 1211 101001 0100 33333434222332323333 33233233222222211334 22134443555413421311 0421 222222 16414143
033 1 2454 100000 0100 32322222222222323222 22222222223222222222 22223432333222422222 0231 222322 23412133
034 1 1463 111100 1000 23432221111221312222 11112222112221122222 23233444344412331321 0432 222222 15313332
035 1 3211 110010 0100 44224234333333323332 32332222222222222222 32333323434323332323 0314 222222 13514155
036 2 5421 110000 0101 34123124333333233222 22222222222222222222 12233323222232332222 1342 333333 14514353
037 1 3222 110000 0101 31223133211111322111 21211111111111111111 22223332434211321221 6421 233322 23513113
038 1 3222 110001 1111 53444424434444333444 22225555553344442222 11114444333333334444 2236 333333 23413113
039 1 3322 111000 0001 43211133332332433333 21113222213211111311 32243221322332142312 2121 222222 14614353
040 1 5442 111000 1000 23322123221331333433 11222223212211122222 23223323223121311211 0321 222233 26415343
041 1 2221 110000 1001 33334344222333443333 22223333333322222222 33334432223322332222 0132 222222 16515352
042 1 3332 111000 1001 24213132111221331111 11112213113311111111 11223333432222311311 0421 121333 25415355
043 1 1211 100000 0100 25432222212222323344 12223222223321222212 43334432423423322222 0111 111122 16516355
044 1 1331 100000 1000 23432222333331433333 13334244223222222222 23232332322223322222 0122 112222 15424315
045 1 1241 111010 0101 23323123311111343322 11113322113222112222 33344442323311111111 0124 131222 25425353
046 1 2231 100000 1000 23332222222222223233 22222222222222222222 22223323223322222222 0122 222222 17427315
047 2 2442 110001 1001 32211113113121412211 11111111112111111111 12234533423223311211 0421 232233 26515352
048 3 5223 110000 1000 33224133224332423111 22112222223311113333 32332222433323332222 3221 333344 24513115
049 1 2343 100001 1000 31113132211232332222 23111111113222222222 32234422325412431211 0221 222233 23614115
050 1 3322 110000 0011 22111124122431355111 31112223111122131111 11113311522211511311 4311 233333 14534155
051 1 2132 100000 0011 33222222211111222322 22222222222222222323 33244422444422333222 0341 222222 23513115
052 1 2422 110001 0001 22111133212211333222 11111111112211111111 22223321423222232322 0334 232332 24412153
053 1 4422 111001 1000 15422111333222234333 11111111112222222222 33333332333322222222 0321 122222 26514313
054 1 2442 110000 0100 33324114144441114444 22323233332233332222 33332233323351133254 0111 223333 14314223
055 1 2332 100000 0100 43322222222322323222 22222222223222222222 33333322333322222222 0322 223333 15413353
056 2 1221 000100 0100 31321122111121133211 11111111111121111111 12133322123111311311 0421 111111 14312343
057 2 1321 100000 1000 23433222222222222222 22222222222222222222 33333333222224222324 0427 222222 16314343
058 1 1321 010010 1001 13333222111121223333 12112212221121111211 22223322222232223111 0125 212222 15413243
059 1 1322 110000 0001 34441134113141114114 21111111112211123133 22323341434313411111 0421 111111 23522355
060 1 2332 101001 1000 21132225322343542222 22222222123322122322 32332222433313321222 1211 222221 14424355
061 1 1422 100010 1000 42421122111132324223 11111121111111111211 22223343333312221411 1421 222211 25414353
062 1 2221 111111 0101 23323223434444333333 22334433333322233333 22233233433312432222 0445 333323 14513253
063 1 3411 100000 0101 42221112221222443334 12221112324412222211 32244331444322222341 2111 123231 24424215
064 2 1242 100000 0011 24321223323421433444 12211122212211211112 22131121114334222421 0324 222222 16425353
065 1 3432 100000 0101 33312222222223322222 11111111111111111111 33333232323222222222 0427 222222 23423155
066 1 1221 111001 0010 11313113113131413111 11111111111111111111 11113241535513111111 6121 111111 15324315
067 1 1421 100000 0100 43333334222222224444 22222222224411112222 32333333444422222222 0421 333333 16515212
068 2 1222 110000 0011 32211224333231442111 21223234224421122223 13132311355523221111 0127 111111 22411153
069 2 2423 110010 0011 23311123312222313222 11111111112222112221 23234432422222421311 1131 222222 25515212
070 1 2242 000011 0101 34325233223222333333 22222222223322223322 33333344334322422422 0427 232333 25514355
071 1 5242 110010 0010 22332233222222322322 22222222223322222222 33333333333222222222 0131 223333 15514115
072 5 0000 000000 0000 33321222322332424344 22112222112222112333 22233332433222322321 0131 003333 14313143
073 1 3321 110000 1000 44311123111422442311 22111133114411111333 34334432223333222222 0137 333333 23533153
074 1 3321 110000 1000 33223333212221424323 22112222223222222222 21233322333211211211 0222 222222 24433153
075 1 3343 110010 1000 22244514111221323111 11111111112111111111 12122221413122331311 1344 111122 23533253
076 1 6454 100101 1000 22122111111221222211 11122121112111111111 11111111433213311311 1227 111111 14435353
077 1 2334 111100 1000 22222113323333333322 22223331113222112222 22233322333222222222 0411 333333 23433253
078 1 1322 111100 0111 24412222111121322221 21111111112212121111 22233333424423222222 3421 222222 15424315
079 1 2232 100000 1000 42435135444443433312 32223234323342222322 23322223345423522222 0133 113333 23524113
080 1 2222 110011 1110 24222222111221443111 11222222222222222222 22222222422242331222 0232 222222 13423315
081 1 3443 111000 1001 24222222111221443222 22222222223222222222 22333321444322422221 0222 222222 24524115
082 1 3222 110011 1000 13322123212221333222 22112222222222222222 23232322422222222222 0222 222222 14523315
083 3 2222 110000 1000 11115135311441432111 21213111113211112321 11121122222111211221 5235 333333 23433143
084 1 4332 110001 1000 11114124111141433111 31111113112221111211 23332221322212222311 0122 333344 23433243
085 1 2434 100000 1000 33223223333332333333 33232232332212333323 33333323433423323321 0227 333333 14424352
086 1 3332 110000 0001 33225335333333443222 22232122222222123333 22344322322222232324 0211 222322 14513253
087 1 4254 111001 0110 43211123222222213222 22222222223311121111 11113343222222232222 0127 222233 22412153
088 1 5433 100010 1000 23311132112222322333 22221122221122111212 33342222544432342222 2322 233332 27414315
089 5 0000 000000 0000 22222123111121233211 11212222112221121211 32342322333311321311 0023 002233 26513353
090 1 3333 110001 0111 44155112111111111114 11111111111111111111 11115511414211111411 0417 111122 23514215
091 1 1342 111000 1001 44444133334433413223 33333333333333333333 33333333333333413411 1227 333333 16616315
092 1 2454 111100 0100 12332312311321444414 23323312332343232343 31233233433222344254 0111 335242 14513153
093 1 2442 111000 1000 34224124434443444211 22122222223221112322 32233322333322332121 4411 222222 23413353
094 2 2433 110000 1000 34212344323333522211 22222222113221111211 33133323224111213512 0221 112223 24515152
095 1 2332 010000 0100 44424233111322334455 22222222222222223333 33333333433322322322 0421 222222 26515152
096 1 1332 010000 0100 32421132221222322212 11111111111111111111 22333333443312222222 0422 222222 17417252
097 1 2421 110000 0101 44322122222221424333 32212233223332233233 23333322544312522321 0424 332333 13413153
098 1 2333 110000 1011 21121122222221223111 11111112111111111111 11121211421111311111 4321 121122 13513143
099 1 2222 100000 0100 23312111221122311111 11111122111111121211 11132233212121111221 0231 111111 13513153
100 2 4333 110000 0111 33212232312331312122 11122232113211111111 22223321323213321211 0127 111111 23412153
101 1 3343 100000 1110 32322112222321323322 11122222223211112332 11133411431132221221 0131 111111 14332143
102 2 1221 100000 0100 22241144215521533222 11111111111111111111 22223532522211322222 0233 222222 14413133
103 4 0000 000000 0000 42222233212221121211 31222233113332233333 22222322333211332322 0011 003311 22411153
104 1 3422 110010 1001 44212132221311333222 11111111112111111221 22232232323222322221 0424 222233 15414353
105 1 2222 111101 1000 44322122212231324312 11122212113231111111 13343413434311411311 0121 111111 23513153
106 1 5332 111000 1100 13223223223222333323 22223233223222222222 22333332233323322322 0427 232323 23414353
107 2 3221 110000 0110 33223123322221333322 21112133113211112222 32333332333212221211 0121 333333 22413153
108 1 2232 110001 1000 32211133212122313211 11111112113111111211 33334532523213421211 0111 121222 13513253
109 1 2343 110011 1000 33211133111111233111 21111111113211111111 12224331444413511222 0327 333344 23433353
110 1 3342 110000 0110 23323123333233333333 22222233223232222333 33233322333322222322 0121 222233 23413253
111 2 1132 010001 1000 32324234221221333222 32222122112221211111 33333333222311331311 0421 333333 12412153
112 1 3222 000001 0110 44323344221131444212 12111111112111222222 11133323133313411321 0221 112211 12412133
113 1 2342 100000 0100 44231122222221333322 22222124212211112222 33223322433322333322 0331 222222 24413353
114 1 3332 111011 0101 33121112311122212211 21112222223222222222 11111111212111221211 0332 232323 14514153
115 1 3433 111010 0101 23222212211112222111 22222222222232222222 33223322323222222222 0326 222233 22612153
116 1 4242 111100 0001 22223123111221223211 22111122111111112211 22233322222222222322 3232 222222 14533153
117 2 3222 110100 1000 24451112111131333322 22111122112211111221 33333332344423422222 0121 222211 16332343
118 2 1142 100000 0011 32221112111211223211 11121122113321111222 11113433234111322222 0112 222222 22331153
119 1 3443 111010 1001 34211111333442322322 21111113114211111111 22343322322222332321 0332 222233 24533253
120 1 4433 111111 0111 33221224223442333322 11111111112211121111 32333222344323432222 1334 222222 23332353
121 2 3423 100000 0001 23111111223331213111 21111112112111111111 12212211322212311111 3234 222222 23433153
122 1 3254 110001 0101 32322222111111323111 11112122113311111111 22112334133233122211 3233 232323 22432143
123 1 2421 110000 0101 34514134324312323344 12223323124212223313 33345552434213312311 0421 222222 25415152
124 2 1352 110001 1001 35352313311131323333 22222223213331112221 44443443525313111211 0434 222222 23512153
125 1 2353 100001 1000 35335135312211333311 21112113111111111111 22233433323323321411 0421 223333 23514153
126 1 2242 100001 0011 42223211222222415533 11224433225222333324 22235532555315511323 0422 232322 13513153
127 1 1121 100000 1000 34522223113221423233 11111111111111111111 33333442344413422221 0421 111111 24313333
128 1 2232 110000 0101 22224144221231332222 21222223223232212222 34343211323221221321 0222 122233 15514353
129 1 5222 110001 1000 31112123222222122211 22123123312222122222 11111212323223333322 0233 222222 23533153
130 1 2222 010000 0001 12211211211211212221 21112212121221122112 21112222544315531312 2447 233332 13433153
131 1 2122 100000 0100 22121111111121322321 22123333233232122222 32322324212322222322 3333 111111 13533153
132 2 2132 100000 0001 21114134213231213111 11112133112211111213 23121313444312331311 0121 222222 22431133
133 1 5433 111000 1110 21435445222222313333 12131133222222112212 11233122423211222221 3317 222233 24433143
134 1 6332 111000 1000 32113133311331323211 11112122113311111111 33332332222323311211 4422 222222 23432153
135 1 2311 100000 0010 22145355512151555111 11111111111111111111 55555555555511111311 3221 111111 22431287
136 1 3322 100000 0100 14211111322111342111 11121111111111111111 33232321422222422221 2141 112121 25333253
137 1 2332 110000 0100 14211111111111112111 11121111112111111111 33133342324324222321 1444 222222 26333243
138 2 1121 100000 0100 23321212322221134422 11212222212322223332 33333332233323333332 0321 222233 27235342
139 1 5433 110100 1000 14211111111112211111 11212211211111111111 22231111412211211111 0424 111111 26336271
140 1 2121 100000 0100 22431111113121111111 11111111111111111111 22331111312222221211 6121 122222 27133343
141 2 5264 111111 1000 43215132311221441411 11111111111111111111 22222321524212311221 1213 223322 24333243
142 1 1222 100000 0100 34433223333333243333 22223222222222222222 33322322445323222222 0322 222222 26334343
143 1 2342 110000 1001 24421124333331334333 11113323223322223333 33333333333322333322 0421 222222 24335352
144 1 1111 100000 0010 44221111131111111111 12112222311122121111 33231122323313111111 1134 222222 25334243
145 1 1242 110010 1011 34314232112231444222 11111133224322121231 22133321233212321311 0222 333333 25537343
146 1 1232 100000 1000 22322222223333432322 22223213224321322322 32233322443322422222 2321 222333 26333343
147 5 0000 000000 0000 23422222222221122223 11121212212112122222 32233332434322322221 2421 003333 26122243
148 1 1232 110001 1001 14441132211112442222 22211111114311111111 44333433444424422221 6424 222233 26436353
149 1 1232 100000 0100 33311122112221222222 11111111111111111111 32222222333312221211 0422 222222 27333253
150 3 4343 111111 1110 33323113211222323222 22122233112232223333 23334422434222322321 0112 323233 22433143
151 2 2332 111101 1100 23222222211121323222 22222223222132221222 33233332333322222321 6421 222233 14634153
152 2 1141 000100 0100 13421212111111224112 11111111111111111111 33333333324413321131 3333 222222 27134343
153 2 1244 100001 1000 12224113222222222222 22211111114311111111 11112222223312411111 0415 111111 24333123
154 1 1322 100101 0100 32322211112212323212 22122222221222221122 33232233333322221211 4437 222222 27123343
155 1 3432 111100 0101 23221114431232112111 21112223223322221232 22344452433211311112 0141 111133 24433143
156 1 2433 110110 0101 14433122222221333333 21223345313222223344 22133341423312332311 0421 122233 16536343
157 2 1232 110010 1001 34432333222332334322 22222123213322222222 23333332333322212322 0411 333345 22432143
158 2 3343 111001 0101 14422211221111333233 11111111113311112211 34334444221122211111 1441 121333 16535321
159 1 3332 110000 1000 22323123332221122222 11111112112211112222 33445333333322321111 4231 222233 23432123
160 3 3322 111001 0101 32151111111111525321 21322234214311222133 22232232534513411211 1336 333333 22432123
161 1 2211 110000 0101 23433222232333333333 13333333222233332332 23334432323212221212 1132 333344 13633143
162 5 0000 000000 0000 13111111411131334322 11111111113321111333 12113131434211311311 0315 002222 12431113
163 2 4132 100010 0101 14431222222222314223 11213222213211222212 22233332333223111211 3127 222233 14333323
164 1 2321 100001 0001 42221122222221433332 21112222222222222211 22222322333311311221 0234 222233 22532123
165 1 2122 110011 0110 12111111131131314111 11111111114121111333 11111111344333321211 0125 333333 22531123
166 1 3333 110001 0011 23221122222221324444 22222233112211112222 13123323222222222221 0111 111111 22331173
167 1 3322 110000 0110 23211121111211323222 11111111112111111111 22333332323223332212 4335 222222 13433143
168 1 5321 110001 0001 24411121111111222222 11111111112211111121 12112332223111122221 1434 223333 22432133
169 5 0000 000000 0000 32412234312131332222 22122133112221121233 22123332243342322222 0012 003333 22332133
170 1 4332 100000 0101 33223232333333333333 22223333333233332323 33333333333333332222 6441 222333 24332333
171 1 3221 100000 0010 24222133112232221222 22122112122222222231 32332322233211321121 0122 223233 26333323
172 1 4422 110001 0101 22211112321231333322 22221112222221122322 23322321223222322221 0137 222233 23432323
173 1 3332 110001 1001 22312213222333335444 22112334243322113333 33334444555523432321 0411 332333 14434323
174 1 2431 111001 0101 22311112222222332222 22222222221122222222 12122332322122332322 0121 222222 15533143
175 2 2243 110001 0101 32222223222342334322 22112234213222223222 22223332233311321322 3431 333344 22432143
176 2 1343 110001 0101 33213213322122344111 22223222223111113231 22323331311111111111 0117 223333 25338398
177 3 3122 100100 0010 32111122222221212111 22223222223111113231 22113311422111211111 5317 223333 22423123
178 1 2232 100001 0111 32212222111111111111 11213222213211222212 13223322223111222211 0121 222222 22432133
179 3 3232 100000 1000 44424124223222424444 22223322223333333333 34344442223333222332 3422 333333 13533133
180 1 2343 111011 0110 23323132211221322333 11111222212211222222 22223232323222221222 0222 333333 24432333
181 2 1142 110101 0011 33233111221111344211 11113122113121122111 32323333444312321221 0222 233333 12433133
182 3 3331 101100 0100 23422121112322434333 22112222112211211212 22233443234321311322 1421 222233 23433123
183 2 2121 100010 0100 22223323323332333333 22122133112221121233 22232323333332322322 0424 222222 23532133
184 1 2342 100000 1000 22222111211111213111 11112222112111111111 33332321323211311111 0421 112222 23331323
185 2 1222 100000 0110 33521112223341433222 11112212113221221233 32134341333211111321 0127 223333 22432153
186 2 2252 000001 0100 22442244122422424222 22222422222111113231 44244444224411421421 0437 111122 18335371
187 1 2353 100111 1011 13322212211111221211 11112212113221221233 33333333333322222221 0325 111111 22432343
188 1 1122 100000 0110 35321223322231333223 11213222213211222212 23333332444313222411 0427 111111 22332143
189 2 3322 110000 1000 13222112212121323322 12122223223223222222 23232321444422221221 0321 232333 24432233
190 1 1211 010101 1100 32433323222222324333 22122222223322222222 33323333233322322222 0421 111111 14332123
191 1 1422 110000 1100 34521132222331333223 22223233222222232223 33333434234311332321 0412 111111 25333133
192 5 0000 000000 0000 23311111222321122212 11112222222222222222 22222122423322322332 0000 002222 25332323
193 1 2342 111000 1111 23124211111111113111 11112222112111111111 13131111312111111411 0224 111111 24432323
194 1 1453 111111 1000 13333311111222323333 11112222222222222322 33233432523221122421 0124 111133 16534322
195 1 2454 111010 1000 11113112121121111111 11121222211112221111 11111222333332332311 4322 222223 15433173
196 1 3233 110100 0111 24334233333333233222 22223333333322223333 33232222434322322222 1241 222333 24432223
197 1 1222 110100 1100 33122111111221211111 11111111113322222222 22231211534322221221 0247 333333 23432333
198 1 3331 100000 0001 23241122111331233222 11122222222211122222 22223542433222222221 0121 222222 23332323
199 1 2431 110000 1001 44444434222333433334 32323323223212112222 33333332434413322311 0431 222222 15535322
200 1 2343 110001 1001 13211113211111223211 12222122111122111111 11114332411111111111 0341 112232 25432333
201 1 4322 100000 1000 32112111111221332211 11111111112211111211 11132112222211321311 3331 111122 23332323
202 5 0000 000000 0000 23222222221222322211 22222222213221111221 33332232323212221211 0012 002322 23532133
203 5 0000 000000 0000 22212111212221222111 11111222211131112122 11131321434311211313 0025 000000 22538187
204 2 1111 100000 0001 24111112111231133111 11111133112111114311 23343411523313211311 1121 232323 13532187
205 1 2232 110011 0011 23422122333443443223 12222111212211232332 33332233345413221322 0427 222122 22538187
206 2 3211 100000 0100 33111111212321213211 22222233313232222233 11112321222221122321 0117 333333 22538187
207 3 1132 100001 0011 42334244222232334222 22222233222232221332 22332323234222422422 4141 222222 12518187
208 5 0000 000000 0000 32121222212222214222 21122122123322222232 12132221333211122311 0031 002233 22518187
209 2 1231 100000 0010 33231113321333331322 22112233213111123333 23234452333222112411 1137 223333 12538187
210 1 1353 100100 0100 23434444321332444333 44122222222111111111 33343443223211221111 6126 222222 15537231
211 1 1232 100000 0011 11132123111551515555 11111143131132131125 33335551555313131411 0221 112233 12531187
212 5 0000 000000 0000 12421222222313345433 22223333123322233234 23533322323211321311 0022 000000 12538187
213 5 0000 000000 0000 23121122111111212111 11112111112121111121 22212321322211321321 0000 002233 22531113
214 5 0000 000000 0000 22231124222221434222 11212232112223122222 13131331333111113111 0021 002244 22548187
215 2 3211 110000 0100 23431124421442423233 12221124223122122321 22234433433343233321 0432 222244 12531187
216 1 2123 100101 0101 12512445411511125333 11111222114531111111 22323552114512311311 0147 222233 12538187
217 2 1121 100000 0001 24432111123221322333 22223223113222221121 33443543434412232311 0121 221222 12531187
218 1 4343 110001 1010 41341212112441135134 53422255112211121421 13115552213113451111 0133 334444 12538187
219 3 1122 100000 0011 31112212331331333332 12124414321112232331 22333422333311231112 3137 222222 12531187
220 2 3144 110100 0000 32242123322231434342 22223213213232212312 22342331423111421211 0112 323333 12532187
221 5 0000 000000 0000 22222111313222333333 11123122112312112311 32333321123133312311 0000 000000 12531187
222 5 0000 000000 0000 22221111221331133222 11112122213332111331 22222211435211311311 0047 002233 22538187
223 1 1111 100000 0100 22221111222222323111 11111111112111111111 12222231334212321311 0411 333333 13531187
224 5 0000 000000 0000 22411133111131344334 13222233213121113333 34433453425313331321 0024 001233 12521187
225 5 0000 000000 0000 24232222223222222222 12112222222232112111 11442311424213211311 0022 001111 12511187
226 5 0000 000000 0000 23311211231331334433 11111123113321112222 33335531544312513311 0021 001122 12538187
227 2 1222 100001 0011 22211111112211323222 11111123212121111211 33223321423211311322 0111 333333 22531187
228 5 0000 000000 0000 21132123112321333222 12223334332222222323 23333322233323322322 0021 002233 12511187
229 1 1232 100000 0001 22201123333322022222 22211112224222222222 11113322333222222222 0222 220033 16414323
230 5 0000 000000 0000 22233122222222222222 22222222223232222232 23332223333222322322 0011 002222 21538187
231 5 0000 000000 0000 24432323333332333333 12222222222222222222 22222332333222332322 0021 002233 12531187
232 5 0000 000000 0000 23221131111321323111 11211112113121111332 33232332434111211311 0031 002233 22531187
233 5 0000 000000 0000 14222322332322321222 22211211223222111222 33233422344211221211 0021 000000 12538187
234 5 0000 000000 0000 14421123213221323222 13132122323212122332 33443422433312422321 0011 000000 22548187
235 5 0000 000000 0000 23322122222211212222 11121122111112112111 22223333244211311211 0011 003333 12528787
236 5 0000 000000 0000 22232212222222324423 21112222222211122222 32234432434322321211 0027 002222 22511187
237 2 1122 111000 0110 23431122111221114222 11111111113211111111 22334222334414311111 4117 222211 12531187
238 5 0000 000000 0000 22221111222221323222 22212222222222221221 22223312323212312211 0011 000000 12528187
239 5 0000 000000 0000 25511111111131513222 11121111111111112221 32435552444211311311 0033 001111 12531187
240 1 2121 100000 0100 12311124122231314111 11111121112111121111 11113312222211211211 0111 333333 12511187
241 5 0000 000000 0000 12312232112231453223 11111122211111112231 11331321123111122311 0021 001222 22531187
242 5 0000 000000 0000 23223322333433322322 12223222322222222333 23313431434321411322 0011 000000 22538187
243 1 1112 100000 0100 33322324334443332222 23232233212232231122 22232332444312322332 0121 332233 22511187
244 3 1111 100000 0100 22322133423231232222 11112223223222223332 23234432423323332222 4121 233333 22511187
245 5 0000 000000 0000 33221212222331333223 11111112111111112222 22233322434323422211 0021 000000 22528187
246 1 1111 010000 0100 32312244442322323222 32112322222312222223 23232322433332232322 0121 334344 12528187
247 5 0000 000000 0000 22211123111322331211 21111322221322211221 22232212333212211122 0041 001122 12538187
248 5 0000 000000 0000 12312112223332224333 12222232223232112222 12235451323311211311 0021 000333 12528187
249 2 1122 100001 0101 32222322232222323323 22232223223232222222 22343333333221222322 0321 222222 12538187
250 5 0000 000000 0000 22313112111321213122 11111123111321122221 23122331323111331311 0021 001133 22521187
251 1 1121 100000 0100 12411122222211212233 11111111111111111222 12233441414111111411 0417 111111 22531187
252 5 0000 000000 0000 23424222222332233223 12222213222232222222 33233332434322232222 6021 000000 12531187
253 4 0000 000000 0000 12211111222221244422 11111112211122112221 22212242444412422221 0011 001221 21538187
254 1 1222 100000 1000 33332233333333333222 32202223233322222232 22232222323222332222 0212 222233 12838187
255 5 0000 000000 0000 32112132111331212111 11123322323221112222 33313521544413421211 0021 001122 12531187
256 5 0000 000000 0000 12311111222332232222 11111122112111111111 22112322434222222222 0021 002222 12531187
257 1 1142 100000 0001 33432334323142334233 33234444224322212111 22323332233313321321 0117 232333 12511187
258 1 4254 110101 0111 31322321221331123223 22112222123233231232 33234443344312232332 0227 332323 12512187
259 2 1151 000001 0100 31111113222221133111 11123322223321111111 12234433224211111211 3225 232355 22531187
260 2 3133 100111 0011 22411321224322114323 21123323213433222232 22242213133211121312 0137 222233 22531187
261 5 0000 000000 0000 23212211111221122333 21111112113211111221 22233322422112421211 0022 002232 12531187
262 5 0000 000000 0000 23222222222221323222 11112222111122222222 22223222423211321211 0012 001122 12522187
263 5 0000 000000 0000 11322132222331312112 11221131112111122323 11113333311121312111 0000 002233 12528187
264 5 0000 000000 0000 22222112222222222222 11112333223232222223 22223332333211322322 0041 002233 21538187
265 1 1132 100001 0011 33321311111222222222 22222122122221121221 12112111222211211122 0131 223333 12531187
266 5 0000 000000 0000 23232233222421333222 11112233222222222333 23332223333222232222 0031 002244 22518187
267 5 0000 000000 0000 23322223222222233223 22222222213222122122 23233333322211202321 0031 001122 22531187
268 5 0000 000000 0000 23222222222221333223 21212224212232222222 33332232233323422322 0017 002233 22511187
269 1 1121 100000 0011 25322223444231313222 12222234214412113444 21123321435212422312 0321 132233 22511187
270 5 0000 000000 0000 23221232112221223111 11112222211221111111 22223332333223333321 0021 002244 22541187
271 5 0000 000000 0000 21522111333332113445 22111112132121111111 21435553112232122322 0021 002211 12531187
272 5 0000 000000 0000 11111113133111112111 11112213211111111111 13333311555511111511 0041 003232 12532187
273 5 0000 000000 0000 12221212333222222222 12223333334332123323 22332211434312211212 0016 002222 22531187
274 3 5322 100001 1010 12213115212321332222 11111111111111111211 22122211222211111211 1111 222233 22531187
275 5 0000 000000 0000 22312222222221223333 22122222213212222222 23223332422232222212 0037 002233 12311187
276 5 0000 000000 0000 23212221222212222333 12122212213312111222 12212322333211211211 0021 001111 22531187
277 5 0000 000000 0000 22322222222222222333 22232222213322113332 22333432444222222322 0031 000000 12528187
278 5 0000 000000 0000 23432332333332323333 22223222223322223322 33233332433311312322 0021 003333 22531187
279 5 0000 000000 0000 22312221233121321112 11112112112211112332 23343332434423322322 0021 000000 12538187
280 3 1111 100000 0100 33211111113332332111 11111111112222222222 22233322333322233322 1217 333443 22531187
281 3 1122 100000 0100 42111124334343214211 12143113113322221411 32333523323212422332 1147 343344 22438187
282 2 1111 100000 0010 31212211213312111233 22122223112213213311 33422321555523231212 0412 233333 22438187
283 2 1122 100000 0001 11231212223232311111 11112234223222122222 13133322334211232222 0327 222233 22428187
284 5 0000 000000 0000 23231312322221232211 11112123211121121222 11333332233111321321 0043 002222 21438187
285 5 0000 000000 0000 11311111111111221311 11111112111111111111 13323321422211311111 0024 001111 12438187
286 5 0000 000000 0000 12123133332232323211 12112222223213222332 33322221534323432222 0022 002222 12438187
287 4 0000 000000 0000 32112111211221323323 22121123113321211111 33333433455311322211 0027 003333 22438187
288 2 1134 100001 1010 23321111223321113111 11112212213232111122 23232331323222222422 0212 221333 22411187
289 2 1112 100001 0100 22111132322242231111 32232323323312133333 33433324555423433221 0221 222243 12438187
290 5 0000 000000 0000 32211112222321333222 12222123112222221232 12213332322121442322 0045 002222 12438187
291 2 1112 110000 0011 31221124312121124111 21112222113312111313 11121311333111233333 0111 333434 22431187
292 5 0000 000000 0000 41131111212221113222 11112123112221112222 12323432244211313322 4324 001122 22438187
293 5 0000 000000 0000 12111111111111111111 11112221112222111222 23335531113211311211 0041 001111 22418187
294 5 0000 000000 0000 22221233222222212333 23222222223322222222 22333323333322333333 0037 003333 21418187
295 5 0000 000000 0000 32211113332332221111 11113223333332211121 34443453534323432322 0021 003433 22438187
296 1 2221 100010 0011 23221234211331124122 21123233223332211222 33221231345211311321 0147 333343 22431187
297 5 0000 000000 0000 32221133222222222222 11112212212211111233 23333322434411312111 0024 002322 22438187
298 5 0000 000000 0000 23311111111211121222 12112122111111111211 11113321213311121321 0027 001122 22431187
299 5 0000 000000 0000 22223223222231233333 11112212222212123332 22223332344211221221 0011 003232 21438187
300 5 0000 000000 0000 12322223223332343333 12212333233223113332 23333333233313322321 0012 002333 11438187
301 1 1111 000100 0100 13311212212331123222 12233324212232122222 23334333234311231223 0141 222233 21458187
302 5 0000 000000 0000 11222244123232422435 11112122214332114322 23123433422121222322 0031 001222 22418187
303 5 0000 000000 0000 22223111222231333111 22222222122211122211 12224411313211311111 0011 001111 12438087
304 5 0000 000000 0000 23211222222332222212 11112222112222222233 22332321323212312322 0027 003223 11438187
305 5 0000 000000 0000 23211112324433422333 11122222113311121111 23323313444222321111 0021 001221 21412187
306 4 0000 000000 0000 23233333333332333222 22223333333333333333 22233332222232222223 0035 002212 22438087
307 2 1122 100000 0100 23211111112221221211 11111111112211221222 22223221433323333322 3114 222222 22438287
308 2 1111 100011 1011 12111231123211212122 12123341112123112212 12234322433211322111 3132 232332 22428187
309 5 0000 000000 0000 24131134333222333211 22112121112321222322 22333324445312222212 0017 002333 22428187
310 5 0000 000000 0000 13111132111331111222 22222243313323243342 33223232432222422321 0031 001122 12438187
311 5 0000 000000 0000 22334224311323234225 22322244215433423344 33332252223311441522 0027 003333 12438187
312 5 0000 000000 0000 33323222223333333333 22222322222323333323 33332333223333333332 0011 003333 12538187
313 5 0000 000000 0000 12212321222322111222 12222222222222222221 22323322422112322222 0057 002222 12528187
314 5 0000 000000 0000 14321122111241553333 11111122112211221122 53535543311111111211 0031 002333 22538187
315 5 0000 000000 0000 23211112211221222111 11111111112211112221 23323322434211221111 0021 002332 22531187
316 3 1122 100001 0111 32211113323221222222 22122122112211122222 43343322345211233321 3125 222222 22538187
317 5 0000 000000 0000 13211221112221333111 11212133113131111312 12133332324211311311 0027 002233 22538187
318 5 0000 000000 0000 54332334222222223222 11111111113211212222 21232133433222222311 0021 002222 12531187
319 5 0000 000000 0000 24321222222331223322 11111111111111111211 22224442433111111211 0022 002222 22531187
320 2 1111 110001 1000 23423332323333222222 21222223222223222322 12123422323221122112 0121 222222 22531187
321 2 1121 100000 0010 12333212221334144255 22123223112311222223 22334333433222333232 0111 232333 22528187
322 5 0000 000000 0000 13422111121121323444 11111111212232113223 23235554312211222312 0035 002233 12531187
323 5 0000 000000 0000 12211111323331322112 11123214322212112223 33233422533111111321 0011 002323 22538187
324 1 1121 100000 0001 22322322222222232333 11122224222232222222 22334433344224323223 0121 222233 12531187
325 2 1111 100000 0011 22321111222221113322 11112211112211111211 32232332233211111311 0141 212222 22521187
326 1 2253 100000 1100 15323113424431322222 11222233112132123122 21111344422132132113 0131 122231 22531187
327 5 0000 000000 0000 12411121233443545533 21212214212211112112 44444431523121232332 0037 002233 22531287
328 2 1122 100000 0010 22221111123221133333 21112222223321123123 13333331224211131511 0421 222222 22531187
329 2 1122 100001 0100 32321123421231224333 22112122112211111111 22232232323222121311 0131 222233 12538187
330 1 1121 110010 0010 32112122333241224144 11111133311332222342 33223321333211322311 0157 222233 22531187
331 2 2122 110000 0100 33222112312222333222 11112222212121221111 23333422434333322322 0111 332333 12531187
332 5 0000 000000 0000 33422222222232232323 12222222212212112112 33222322233223233333 0027 002233 12538187
333 1 2322 100001 1011 23322222222222223333 11212222113212113233 32233341322222222321 0417 222222 23538187
334 2 1122 100000 1000 34432222223322334434 22223233224423223232 32333343434312321412 0441 222222 23532143
335 1 2342 110001 1000 32211112211221223211 11112111211111111111 32223322322211121211 0211 222222 23532187
336 3 1122 100010 0011 33311124422342333333 13233333113212112222 33333432435413322311 1432 232244 22532123
337 1 1112 100000 1000 22421123311121132223 11223332223311121112 23234411333323321111 0121 232333 23538187
338 3 2232 1100010 0101 2232212231121122332 11211112112111111221 23223321223312321211 1111 343333 12532123
339 3 1111 100010 0100 12221113112111233211 11212223112311123331 23332232333211311321 5127 333222 22538187
340 1 2132 100001 0011 32121122222222111111 11112211113211112112 22233321333211232321 0211 232333 22538187
341 4 0000 000000 0000 32442333222222323323 22223233223232223323 22333332333322222322 0037 003333 12538187
342 2 0000 000000 0000 33332222222222222222 11111222222222223111 22224522333342222223 0011 002233 13538187
343 1 4433 101100 1111 24212122111211434211 21111111112111111111 33333332223212321211 0121 111133 14534133
344 2 0000 000000 0000 15311111111111323211 11111111111111111111 22233331222222222222 0027 002222 13531187
345 2 1232 110001 1111 23322222222222222222 11112222211122112222 22213221222222222222 0121 222233 12511187
346 2 1132 100001 0010 33322222222222333323 22222222223322122222 22233333333222322322 0111 332233 22532187
347 1 1122 100001 1010 32222222222332333322 22222222222232222222 23233322333222222222 0127 232333 22538187
348 5 0000 000000 0000 21211111211221112122 11111111112221111121 11232321222112221111 0021 001111 12531187
349 5 0000 000000 0000 32311111222321112111 11122222223322112223 22233322322111231322 0021 001123 12531187
350 2 1332 110011 1111 14222222222221323222 11113223212222111111 22222222223211111321 0321 222222 23531187
351 2 1111 100000 0100 23422222223321123222 11111112112221111111 22224432434211331311 0125 232222 22531187
352 1 2142 110100 0011 32234145411111124444 22122221111121111111 11145541323212121321 0347 222233 12512187
353 2 2122 100001 0101 22311233111111222212 11111112112121121322 11231132323112121211 0147 112211 12532187
354 1 3142 100000 1000 24324233333332232121 22222222223332222222 11111112323211312322 0127 222233 22531187
355 2 0000 000000 0000 22222111232221222211 21112222223321111222 12111122533211442322 0011 001111 12531187
356 4 0000 000000 0000 22422212222221222233 11112222112211112122 11122212333311121112 0031 002233 22538187
357 3 1122 100001 0011 22111112122232323322 11111122212221121222 23132321323211211211 0241 221122 22532187
358 4 0000 000000 0000 11211133333332122111 11212222111131111333 22123321311132211212 0021 001133 22518187
359 3 1122 100001 1001 12242125213221324111 11111113112111111211 22341111224111321211 3121 221111 22531187
360 2 2122 100000 0101 21321111112211322211 11111122111111111111 22333322444311311211 0221 222232 22511187
361 2 1121 010001 0100 22321222222221314222 11112123112211111111 22233322422222322221 0112 333333 12531187
362 5 0000 000000 0000 32221112313331421111 11111111111121111111 21234431424211321311 0027 002222 22338187
363 2 1211 010000 0100 22211122331132323222 11111223223322221222 32233432333222311322 0131 222333 22531187
364 5 0000 000000 0000 24422223223232223333 22222333322232223333 22233323222232222222 0041 002222 12532187
365 5 0000 000000 0000 22311312313121342333 11111111111112112111 33342242433212212321 0021 002322 12511187
366 5 0000 000000 0000 33311112222331323333 11112211112222222133 23234443545321311311 0031 002222 12531187
367 5 0000 000000 0000 21211211212122112111 12212232221122112222 22222312222121122322 0021 002233 22518187
368 2 1122 110000 1001 12322322212421344222 11113222222222111221 12333432322211322421 0117 111111 22538187
369 5 0000 000000 0000 43142111111111233422 11121111112211111111 33332222254433332311 0021 002222 22531187
370 5 0000 000000 0000 12312131324211331314 11113121113112121311 11334321324111211111 0047 001313 12538187
371 2 1111 110000 0111 12213211111111131111 11111112112111111111 23233421233322221222 0131 133333 22531187
372 2 1122 110011 1000 21211113323411144222 11112222222211111333 11234422523111111111 0041 133333 22511187
373 2 2222 100000 1001 23411222212221224222 11112122113211111211 12133331313121441311 0147 223233 22432133
374 2 3232 100000 0111 33112124111331421111 11113113111111111111 12242315355111111111 0121 222233 22432123
375 1 1332 110001 0001 22311112231121112111 11111122133323112221 32222432423311111411 0127 233355 23532133
376 2 2221 100000 0010 23222222222222233222 11112223322222222222 33333333333333332222 0121 222222 23431133
377 1 2111 100000 0110 33322222111231233222 11212222221211111222 22212331334311311311 0111 222222 22431123
378 3 2221 110000 0110 33344241131131333331 33111233331122121231 23254554123123121111 3437 222355 23532133
379 1 3223 100100 1000 34332232222222222222 22222222223322222222 33222222333322222222 0441 333333 24332333
380 2 1223 100001 1000 32211111211211112112 11112222212211112223 12332333535422542411 0127 333333 22331233
381 1 2131 110100 0101 44321122222222222222 32223223223322222211 33332333332313311211 0432 333333 17337331
382 1 3321 100000 0101 23223123323331223222 11111111112211113212 22223322223322212221 0421 333333 23332223
383 2 1331 001100 0010 35333224222221343222 11111112111111111111 33242322324313222422 0124 232333 23633133
384 1 3432 111111 1111 43323223212222333333 22222233223222223333 22343341422122222322 0121 333333 24433123
385 1 3342 110100 0001 34332224332333233333 22222223223222223333 44444432334423432333 0411 333333 23534133
386 1 1122 100010 1010 23332222222222222222 22222222232122222222 23333333323232222221 0411 222233 13432123
387 2 3132 100000 0100 13311111222221223444 11111121112221112221 22344432434211111412 0124 222222 24414243
388 5 0000 000000 0000 24411111222331224333 11111112112211111211 23334432333212111311 0041 003333 12538187
389 1 3342 100000 0101 45425543343333345443 22223232223322222222 22233443534312222322 0137 222222 26334315
390 4 0000 000000 0000 32211123333333223322 22223222223222111111 33333332555512433332 0021 002333 22538187
391 2 1122 100000 0100 22211113213231133111 11112112113222121221 12122321234111312111 0117 111111 21531187
392 5 0000 000000 0000 23111122122231133111 11112222212222222222 22232111434412422111 0037 002222 22531187
393 1 1121 100000 0011 21111122322222213132 11111112111111111111 12122311312111211211 0121 232333 22531187
394 5 0000 000000 0000 12221211222221222211 11112111112221111221 12232222323121222211 0027 001222 21531187
395 5 0000 000000 0000 22232223223242122223 12122212212122112124 12223431434221311111 0027 003223 12511187
396 5 0000 000000 0000 22211111222223133112 11111111112211112222 13321212213211312111 0031 003333 22518187
397 5 0000 000000 0000 32322222222222223333 12222233222222222222 22333333324313322322 0041 003333 22531187
398 5 0000 000000 0000 34422223323222424444 22222122123321122222 22333531524212222322 0037 002222 22531187
399 5 0000 000000 0000 22111111111221123111 11212122111111111111 33232222434312321321 0021 002222 21548187
400 4 0000 000000 0000 14433123211132222113 12212111112211112222 13233321424342112311 0013 001212 11531187
401 5 0000 000000 0000 23322222233332223222 22112222212121221122 22223322322222222221 0024 002222 12521187
402 5 0000 000000 0000 23222213342442444423 11112221112232121121 22234333222322221111 0044 003333 12521187
403 5 0000 000000 0000 12412122112311311111 11111111112311111111 33334554555321311311 0021 001112 22511187
404 5 0000 000000 0000 33211111312222323111 11111111112221111121 23332221322212332221 0021 001222 12512187
405 4 0000 000000 0000 13222235212431333222 22134324123322111122 32332411333313111111 0021 002233 12511187
406 5 0000 000000 0000 13213121111311135222 11111113113311111111 13111311535311111311 0024 002211 21511187
407 1 1122 100000 0100 32122214333333313111 21113222112211111111 23233322333222221311 0114 222233 22531187
408 5 0000 000000 0000 31133113222111133331 12221233111232111121 13221111444411411211 0021 002333 22538187
409 5 0000 000000 0000 23322222222222322222 11111111112111111111 33333332555311311311 0021 001111 22528187
410 1 1122 100001 0111 32331222113321222222 22223222212222112222 11122232222121322321 0217 222222 22511187
411 1 3232 100011 0001 32422232222222323333 11122233223222222222 33334443433322322321 0437 222222 23531187
412 5 0000 000000 0000 23223232222332322232 22223223222222222322 22222223333323332223 0021 002323 22531187
413 5 0000 000000 0000 23223133221331333322 12112222222222112222 23333224442224223233 0037 003333 22528187
414 1 1122 100001 0110 23211123222221343222 11112222213222222322 22233421133111331323 0137 232332 21531187
415 1 2454 111000 1001 24523221323321535323 12113323223221112233 23333443223211122321 0426 222232 16537337
416 5 0000 000000 0000 33222222222232333222 12222233222322222222 33333323334412311312 0025 002222 21531187
417 5 0000 000000 0000 22222113212231112222 11111111112211111111 12223212231122213111 0011 002233 22531187
418 5 0000 000000 0000 32222222222222222222 12222222222212222222 22233342331214431321 0011 002222 22531187
419 1 1242 100000 0001 33432334323142334233 33234444224322212111 22323332233313321321 0117 232333 12511187
420 2 1121 100001 0101 22312223321222212111 11221121112221211111 11112211322222222222 0134 222233 12521187
421 5 0000 000000 0000 21131111111111214111 11223324344222112121 33334222444321422322 0021 004333 12521187
422 2 1111 111000 1101 11112223222221323222 11111111112211112222 22334431223212311111 0127 333333 12521187
423 5 0000 000000 0000 22133222212221221111 22211122212211121221 12234413222222232223 0011 002222 11538187
424 5 0000 000000 0000 21113233223232123222 22223323223331122222 22233322443323321322 0022 002233 21531187
425 5 0000 000000 0000 42333122222222222222 12222223223322222332 22223434333211222311 0042 002222 22418187
426 5 0000 000000 0000 32311124111331113222 22111211111111111111 11112221233111112221 0041 001111 22418187
427 1 2122 100000 1000 32112112112231423111 11121212111111111212 12121121333211321111 1127 332322 22438187
428 5 0000 000000 0000 32131111221111113211 11112112111111111111 12112222233222331221 0044 002222 22428187
429 2 1111 110000 0010 24312134221232321233 11112122111232232223 12222322534311322221 0416 343454 22438187
430 5 0000 000000 0000 12133122111111111111 11111111111111111121 11113322323311322111 0031 002222 22438187
431 5 0000 000000 0000 21211222222111113222 12122112222222221211 22223333323332322332 0024 002222 21431187
432 5 0000 000000 0000 22311111133211214111 11112113113211111131 11333533334112431321 0023 001133 22431187
433 1 2121 100010 1000 33332222322231213222 22222223223333232232 32232322434222432432 0221 233333 22438187
434 5 0000 000000 0000 22222222222221322211 11112112112111122332 23132212212111111111 0032 002233 21438187
435 5 0000 000000 0000 22123223322221124211 21122223113232332222 11111111333211111111 0011 001212 22411187
436 1 2454 111101 1101 13412243222311332312 11112224111111112111 33333333223222222222 0121 121211 25435398
437 5 0000 000000 0000 24321221221121333222 22222233222242222332 22222223424211222422 0021 002233 21528187
438 5 0000 000000 0000 32421222211121112122 12213212111112211223 33221231445222222322 0023 002322 21528187
439 5 0000 000000 0000 13311111111111111222 11112221112211111111 33333331112122222212 0012 002233 22531187
440 5 0000 000000 0000 22211221223111212222 11112113111121111111 22221221555211531311 0027 001122 21558187
441 5 0000 000000 0000 33322211222332233333 12223222223222222222 22233333333322322322 0041 002322 21518187
442 5 0000 000000 0000 13322112222221224222 11112222212222222222 32232222224311212322 0034 002222 22531187
443 5 0000 000000 0000 22122222222321222222 11121222222312122222 22333312323322321221 0027 002233 21538187
444 5 0000 000000 0000 12211111111311333312 11112232212221122322 12111331313111222211 0027 002233 21518187
445 1 3232 110001 0111 13221112211221334322 22113333334232222222 22323433223312221212 0132 222222 13433122
446 1 2311 110000 0111 32323222222233232111 22111112112211111111 11221233223111111321 0132 222222 23532123
447 5 0000 000000 0000 12211111112211222222 11112112112211111221 22133343233111211311 0022 002232 22438187
448 5 0000 000000 0000 22321323333331323222 11213212213221123321 12113331313111211312 0023 003223 21438187
449 5 0000 000000 0000 22221111222221223111 11111122212222211111 11221221222111322111 0021 001222 22438187
450 5 0000 000000 0000 12211132321221131111 11112212111112112222 21223322322111322113 0047 001111 21438187
